288 288 288 288 288 288 288 288 288 288 288 288 288 288 288 288 288 288 288 288 288 288 288 288 288 288 288 288 288 288 288 288 288 288 288 288 288 288 288 288 288 288 288 288 288 288 288 288 288 288 288 288 288 288 288 288 288 288 288 288 288 288 288 288 288 288 288 288 288 288 288 288 288 288 288 288 288 288 288 288 288 288 288 288 288 288 288 288 288 288 288 288 288 288 288 288 288 288 288 288 
288 288 288 288 288 288 288 288 288 288 288 288 288 288 288 288 288 288 288 288 288 288 288 288 288 288 288 288 288 288 288 288 288 288 288 288 288 288 288 288 288 288 288 288 288 288 288 288 288 288 288 288 288 288 288 288 288 288 288 288 288 288 288 288 288 288 288 288 288 288 288 288 288 288 288 288 288 288 288 288 288 288 288 288 288 288 288 288 288 288 288 288 288 288 288 288 288 288 288 288 
288 288 288 288 288 288 288 288 288 288 288 288 288 288 288 288 288 288 288 288 288 288 288 288 288 288 288 288 288 288 288 288 288 288 288 288 288 288 288 288 288 288 288 288 288 288 288 288 288 288 288 288 288 288 288 288 288 288 288 288 288 288 288 288 288 288 288 288 288 288 288 288 288 288 288 288 288 288 288 288 288 288 288 288 288 288 288 288 288 288 288 288 288 288 288 288 288 288 288 288 
288 288 288 288 288 288 288 288 288 288 288 288 288 288 288 288 288 288 288 288 288 288 288 288 288 288 288 288 288 288 288 288 288 288 288 288 288 288 288 288 288 288 288 288 288 288 288 288 288 288 288 288 288 288 288 288 288 288 288 288 288 288 288 288 288 288 288 288 288 288 288 288 288 288 288 288 288 288 288 288 288 288 288 288 288 288 288 288 288 288 288 288 288 288 288 288 288 288 288 288 
288 288 288 288 288 288 288 288 288 288 288 288 288 288 288 288 288 288 288 288 288 288 288 288 288 288 288 288 288 288 288 288 288 288 288 288 288 288 288 288 288 288 288 288 288 288 288 288 288 288 288 288 288 288 288 288 288 288 288 288 288 288 288 288 288 288 288 288 288 288 288 288 288 288 288 288 288 288 288 288 288 288 288 288 288 288 288 288 288 288 288 288 288 288 288 288 288 288 288 288 
288 288 288 288 288 288 288 288 288 288 288 288 288 288 288 288 288 288 288 288 288 288 288 288 288 288 288 288 288 288 288 288 288 288 288 288 288 288 288 288 288 288 288 288 288 288 288 288 288 288 288 288 288 288 288 288 288 288 288 288 288 288 288 288 288 288 288 288 288 288 288 288 288 288 288 288 288 288 288 288 288 288 288 288 288 288 288 288 288 288 288 288 288 288 288 288 288 288 288 288 
288 288 288 288 288 288 288 288 288 288 288 288 288 288 288 288 288 288 288 288 288 288 288 288 288 288 288 288 288 288 288 288 288 288 288 288 288 288 288 288 288 288 288 288 288 288 288 288 288 288 288 288 288 288 288 288 288 288 288 288 288 288 288 288 288 288 288 288 288 288 288 288 288 288 288 288 288 288 288 288 288 288 288 288 288 288 288 288 288 288 288 288 288 288 288 288 288 288 288 288 
288 288 288 288 288 288 288 288 288 288 288 288 288 288 288 288 288 288 288 288 288 288 288 288 288 288 288 288 288 288 288 288 288 288 288 288 288 288 288 288 288 288 288 288 288 288 288 288 288 288 288 288 288 288 288 288 288 288 288 288 288 288 288 288 288 288 288 288 288 288 288 288 288 288 288 288 288 288 288 288 288 288 288 288 288 288 288 288 288 288 288 288 288 288 288 288 288 288 288 288 
288 288 288 288 288 288 288 288 288 288 288 288 288 288 288 288 288 288 288 288 288 288 288 288 288 288 288 288 288 288 288 288 288 288 288 288 288 288 288 288 288 288 288 288 288 288 288 288 288 288 288 288 288 288 288 288 288 288 288 288 288 288 288 288 288 288 288 288 288 288 288 288 288 288 288 288 288 288 288 288 288 288 288 288 288 288 288 288 288 288 288 288 288 288 288 288 288 288 288 288 
288 288 288 288 288 288 288 288 288 288 288 288 288 288 288 288 288 288 288 288 288 288 288 288 288 288 288 288 288 288 288 288 288 288 288 288 288 288 288 288 288 288 288 288 288 288 288 288 288 288 288 288 288 288 288 288 288 288 288 288 288 288 288 288 288 288 288 288 288 288 288 288 288 288 288 288 288 288 288 288 288 288 288 288 288 288 288 288 288 288 288 288 288 288 288 288 288 288 288 288 
288 288 288 288 288 288 288 288 288 288 288 288 288 288 288 288 288 288 288 288 288 288 288 288 288 288 288 288 288 288 288 288 288 288 288 288 288 288 288 288 288 288 288 288 288 288 288 288 288 288 288 288 288 288 288 288 288 288 288 288 288 288 288 288 288 288 288 288 288 288 288 288 288 288 288 288 288 288 288 288 288 288 288 288 288 288 288 288 288 288 288 288 288 288 288 288 288 288 288 288 
288 288 288 288 288 288 288 288 288 288 288 288 288 288 288 288 288 288 288 288 288 288 288 288 288 288 288 288 288 288 288 288 288 288 288 288 288 288 288 288 288 288 288 288 288 288 288 288 288 288 288 288 288 288 288 288 288 288 288 288 288 288 288 288 288 288 288 288 288 288 288 288 288 288 288 288 288 288 288 288 288 288 288 288 288 288 288 288 288 288 288 288 288 288 288 288 288 288 288 288 
288 288 288 288 288 288 288 288 288 288 288 288 288 288 288 288 288 288 288 288 288 288 288 288 288 288 306 308 321 322 322 322 322 322 323 308 308 308 307 288 288 288 288 288 288 288 288 288 288 288 288 288 288 288 288 288 288 288 288 288 288 288 288 288 288 288 288 288 288 288 288 288 288 288 288 288 288 288 288 288 288 288 288 288 288 288 288 288 288 288 288 288 288 288 288 288 288 288 288 288 
288 288 288 288 288 288 288 288 288 288 288 288 288 288 288 288 288 288 288 288 288 288 288 288 288 288 304 309 324 325 325 325 325 325 326 309 309 309 307 288 288 288 288 288 288 288 288 288 288 288 288 288 288 288 288 288 288 288 288 288 288 288 288 288 288 288 288 288 288 288 288 288 288 288 288 288 288 288 288 288 288 288 288 288 288 288 288 288 288 288 288 288 288 288 288 288 288 288 288 288 
288 288 288 288 288 288 288 288 288 288 288 288 288 288 288 288 288 288 288 288 288 288 288 288 288 288 304 284 284 284 284 284 284 284 284 284 291 284 305 288 288 288 288 288 288 288 304 335 335 336 333 337 335 335 305 288 288 288 288 288 288 288 288 288 288 288 288 288 288 288 288 288 288 288 288 288 288 288 288 288 288 288 288 288 288 288 288 288 288 288 288 288 288 288 288 288 288 288 288 288 
288 288 288 288 288 288 288 288 288 288 288 288 288 288 288 288 288 288 288 288 288 288 288 288 288 288 304 284 284 284 284 284 284 284 284 284 284 284 305 288 288 288 288 288 288 288 304 335 335 336 340 337 335 335 305 288 288 288 288 288 288 288 288 288 288 288 288 288 288 288 288 288 288 288 288 288 288 288 288 288 288 288 288 288 288 288 288 288 288 288 288 288 288 288 288 288 288 288 288 288 
288 288 288 288 288 288 288 288 288 288 288 288 288 288 288 288 288 288 288 288 288 288 288 288 288 288 304 284 274 284 274 284 274 284 274 284 274 284 305 288 288 288 288 288 288 288 304 335 335 336 338 337 335 335 305 288 288 288 288 288 288 288 288 288 288 288 288 288 288 288 288 288 288 288 288 288 288 288 288 288 288 288 288 288 288 288 288 288 288 288 288 288 288 288 288 288 288 288 288 288 
288 288 288 288 288 288 288 288 288 288 288 288 288 288 288 288 288 288 288 288 288 288 288 288 288 288 304 284 284 284 284 284 284 284 284 284 284 284 305 288 288 288 288 288 288 288 304 332 329 331 338 332 329 331 305 288 288 288 288 288 288 288 288 288 288 288 288 288 288 288 288 288 288 288 288 288 288 288 288 288 288 288 288 288 288 288 288 288 288 288 288 288 288 288 288 288 288 288 288 288 
288 288 288 288 288 288 288 288 288 288 288 288 288 288 288 288 288 288 288 288 288 288 288 288 288 288 304 284 274 284 274 284 274 284 274 284 274 284 305 288 288 288 288 288 288 288 304 341 330 341 338 341 330 341 305 288 288 288 288 288 288 288 288 288 288 288 287 287 287 287 287 287 287 287 287 287 287 287 288 288 288 288 288 288 288 288 288 288 288 288 288 288 288 288 288 288 288 288 288 288 
288 288 288 288 288 288 288 288 288 288 288 288 288 288 288 288 288 288 288 288 288 288 288 288 288 288 304 284 284 284 284 284 284 284 284 284 284 284 305 288 288 288 288 288 288 288 304 338 338 338 338 338 338 338 305 288 288 288 288 288 288 288 288 288 288 288 304 308 321 322 322 322 322 322 323 308 308 305 288 288 288 288 288 288 288 288 288 288 288 288 288 288 288 288 288 288 288 288 288 288 
288 288 288 288 288 288 288 288 288 288 288 288 288 288 288 288 288 288 288 288 288 288 288 288 288 288 304 284 284 284 284 284 284 284 284 284 284 284 305 288 288 288 288 288 288 288 299 301 338 302 300 300 300 300 303 288 288 288 288 288 288 288 288 288 288 288 304 309 324 325 325 325 325 325 326 309 309 305 288 288 288 288 288 288 288 288 288 288 288 288 288 288 288 288 288 288 288 288 288 288 
288 288 288 288 288 288 288 288 288 288 288 288 288 288 288 288 288 288 288 288 288 288 288 288 288 288 299 300 300 300 300 300 300 300 301 284 302 300 303 288 288 288 288 288 288 288 288 288 288 288 288 288 288 288 288 288 288 288 288 288 288 288 288 288 288 288 304 284 284 284 284 284 284 284 284 291 284 305 288 288 288 288 288 288 288 288 288 288 288 288 288 288 288 288 288 288 288 288 288 288 
288 288 288 288 288 288 288 288 288 288 288 288 288 288 288 288 288 288 288 288 288 288 288 288 288 288 288 288 288 288 288 288 288 288 288 288 288 288 288 288 288 288 288 288 288 288 288 288 288 288 288 288 288 288 288 288 288 288 288 288 288 288 288 288 288 288 304 284 284 284 284 284 284 284 284 284 284 305 288 288 288 288 288 288 288 288 288 288 288 288 288 288 288 288 288 288 288 288 288 288 
288 288 288 288 288 288 288 288 288 288 288 288 288 288 288 288 288 288 288 288 288 288 288 288 288 288 288 288 288 288 288 288 288 288 288 288 288 288 288 288 288 288 288 288 288 288 288 288 288 288 288 288 288 288 288 288 288 288 288 288 288 288 288 288 288 288 304 284 274 284 274 284 274 284 274 284 284 305 288 288 288 288 288 288 288 288 288 288 288 288 288 288 288 288 288 288 288 288 288 288 
288 288 288 288 288 288 288 288 288 288 288 288 288 288 288 288 288 288 288 288 288 288 288 288 288 288 288 288 288 288 288 288 288 288 288 288 288 288 288 288 288 288 288 288 288 288 288 288 288 288 288 288 288 288 288 288 288 288 288 288 288 288 288 288 288 288 304 284 284 284 284 284 284 284 284 284 284 305 288 288 288 288 288 288 288 288 288 288 288 288 288 288 288 288 288 288 288 288 288 288 
288 288 288 288 288 288 288 288 288 288 288 288 288 288 288 288 288 288 288 288 288 288 288 288 288 288 288 288 288 288 288 288 288 288 288 288 288 288 288 288 288 288 288 288 288 288 288 288 288 288 288 288 288 288 288 288 288 288 288 288 288 288 288 288 288 288 304 284 274 284 274 284 274 284 274 284 284 305 288 288 288 288 288 288 288 288 288 288 288 288 288 288 288 288 288 288 288 288 288 288 
288 288 288 288 288 288 288 288 288 288 288 288 288 288 288 288 288 288 288 288 288 288 288 288 288 288 288 288 288 288 288 288 288 288 288 288 288 288 288 288 288 288 288 288 288 288 288 288 288 288 288 288 288 288 288 288 288 288 288 288 288 288 288 288 288 288 304 284 284 284 284 284 284 284 284 284 284 305 288 288 288 288 288 288 288 288 288 288 288 288 288 288 288 288 288 288 288 288 288 288 
288 288 288 288 288 288 288 288 288 288 288 288 288 288 288 288 288 288 288 288 288 288 288 288 288 288 288 288 288 288 288 288 288 288 288 288 288 288 288 288 288 288 288 288 288 288 288 288 288 288 288 288 288 288 288 288 288 288 288 288 288 288 288 288 288 288 304 284 274 284 274 284 274 284 274 284 284 305 288 288 288 288 288 288 288 288 288 288 288 288 288 288 288 288 288 288 288 288 288 288 
288 288 288 288 288 288 288 288 288 288 288 288 288 288 288 288 288 288 288 288 288 288 288 288 288 288 288 288 288 288 288 288 288 288 288 288 288 288 288 288 288 288 288 288 288 288 288 288 288 288 288 288 288 288 288 288 288 288 288 288 288 288 288 288 288 288 304 284 284 284 284 284 284 284 284 284 284 305 288 288 288 288 288 288 288 288 288 288 288 288 288 288 288 288 288 288 288 288 288 288 
288 288 288 288 288 288 288 288 288 288 288 288 288 288 288 288 288 288 288 288 288 288 288 288 288 288 288 288 288 288 288 288 288 288 288 288 288 288 288 288 288 288 288 288 288 288 288 288 288 288 288 288 288 288 288 288 288 288 288 288 288 288 288 288 288 288 304 284 274 284 274 284 274 284 274 284 284 305 288 288 288 288 288 288 288 288 288 288 288 288 288 288 288 288 288 288 288 288 288 288 
288 288 288 288 288 288 288 288 288 288 288 288 288 288 288 288 288 288 288 288 288 288 288 288 288 288 288 288 288 288 288 288 288 288 288 288 288 288 288 288 288 288 288 288 288 288 288 288 288 288 288 288 288 288 288 288 288 288 288 288 288 288 288 288 288 288 304 284 284 284 284 284 284 284 284 284 284 305 288 288 288 288 288 288 288 288 288 288 288 288 288 288 288 288 288 288 288 288 288 288 
288 288 288 288 288 288 288 288 288 288 288 288 288 288 288 288 288 288 288 288 288 288 288 288 288 288 288 288 288 288 288 288 288 288 288 288 288 288 288 288 288 288 288 288 288 288 288 288 288 288 288 288 288 288 288 288 288 288 288 288 288 288 288 288 288 288 304 284 274 284 274 284 274 284 274 284 284 305 288 288 288 288 288 288 288 288 288 288 288 288 288 288 288 288 288 288 288 288 288 288 
288 288 288 288 288 288 288 288 288 288 288 288 288 288 288 288 288 288 288 288 288 288 288 288 288 288 288 288 288 288 288 288 288 288 288 288 288 288 288 288 288 288 288 288 288 288 288 288 288 288 288 288 288 288 288 288 288 288 288 288 288 288 288 288 288 288 304 284 284 284 284 284 284 284 284 284 284 305 288 288 288 288 288 288 288 288 288 288 288 288 288 288 288 288 288 288 288 288 288 288 
288 288 288 288 288 288 288 288 288 288 288 288 288 288 288 288 288 288 288 288 288 288 288 288 287 287 287 287 287 287 287 287 287 287 288 288 288 288 288 288 288 288 288 288 288 288 288 288 288 288 288 288 288 288 288 288 288 288 288 288 288 288 288 288 288 288 304 284 284 284 284 284 284 284 284 284 284 305 288 288 288 288 288 288 288 288 288 288 288 288 288 288 288 288 288 288 288 288 288 288 
288 288 288 288 288 288 288 288 288 288 288 288 288 288 288 288 288 288 288 288 288 288 288 306 308 308 308 321 322 322 322 323 308 307 288 288 288 288 288 288 288 288 288 288 288 288 304 308 321 322 322 322 322 322 323 308 308 308 305 288 288 288 288 288 288 288 299 300 301 284 302 300 300 300 300 300 300 303 288 288 288 288 288 288 288 288 288 288 288 288 288 288 288 288 288 288 288 288 288 288 
288 288 288 288 288 288 288 288 288 288 288 288 288 288 288 288 288 288 288 288 288 288 288 304 309 309 309 324 325 325 325 326 309 305 288 288 288 288 288 288 288 288 288 288 288 288 304 309 324 325 325 325 325 325 326 309 309 309 305 288 288 288 288 288 288 288 288 288 288 288 288 288 288 288 288 288 288 288 288 288 288 288 288 288 288 288 288 288 288 288 288 288 288 288 288 288 288 288 288 288 
288 288 288 288 288 288 288 288 288 288 288 288 288 288 288 288 288 288 288 288 288 288 288 304 284 284 284 284 284 284 284 284 284 305 288 288 288 288 288 288 288 288 288 288 288 288 304 284 284 284 284 284 284 284 284 284 284 284 305 288 288 288 288 288 288 288 288 288 288 288 288 288 288 288 288 288 288 288 288 288 288 288 288 288 288 288 288 288 288 288 288 288 288 288 288 288 288 288 288 288 
288 288 288 288 288 288 288 288 288 288 288 288 288 288 288 288 288 288 288 288 288 288 288 304 284 291 284 284 284 284 284 284 284 305 288 288 288 288 288 288 288 288 288 288 288 288 304 284 284 284 284 284 284 284 284 284 291 284 305 288 288 288 288 288 288 288 288 288 288 288 288 288 288 288 288 288 288 288 288 288 288 288 288 288 288 288 288 288 288 288 288 288 288 288 288 288 288 288 288 288 
288 288 288 288 288 288 288 288 288 288 288 288 288 288 288 288 288 288 288 288 288 288 288 304 284 284 284 274 284 274 284 274 284 305 288 288 288 288 288 288 288 288 288 288 288 288 304 284 284 284 284 284 284 284 284 284 284 284 305 288 288 288 288 288 288 288 288 288 288 288 288 288 288 288 288 288 288 288 288 288 288 288 288 288 288 288 288 288 288 288 288 288 288 288 288 288 288 288 288 288 
288 288 288 288 288 288 288 288 288 288 288 288 288 288 288 288 288 288 288 288 288 288 288 304 284 284 284 284 284 284 284 284 284 305 288 288 288 288 288 288 288 288 288 288 288 288 304 284 274 284 274 284 274 284 274 284 284 284 305 288 288 288 288 288 288 288 288 288 288 288 288 288 288 288 288 288 288 288 288 288 288 288 288 288 288 288 288 288 288 288 288 288 288 288 288 288 288 288 288 288 
288 288 288 288 288 288 288 288 288 288 288 288 288 288 288 288 288 288 288 288 288 288 288 304 284 284 284 274 284 274 284 274 284 305 288 288 288 288 288 288 288 288 288 288 288 288 304 284 284 284 284 284 284 284 284 284 284 284 305 288 288 288 288 288 288 288 288 288 288 288 288 288 288 288 288 288 288 288 288 288 288 288 288 288 288 288 288 288 288 288 288 288 288 288 288 288 288 288 288 288 
288 288 288 288 288 288 288 288 288 288 288 288 288 288 288 288 288 288 288 288 288 288 288 304 284 284 284 284 284 284 284 284 284 305 288 288 288 288 288 288 288 288 288 288 287 287 304 284 274 284 274 284 274 284 274 284 284 284 305 287 288 288 288 288 288 288 288 288 288 288 288 288 288 288 288 288 288 288 288 288 288 288 288 288 288 288 288 288 288 288 288 288 288 288 288 288 288 288 288 288 
288 288 288 288 288 288 288 288 288 288 288 288 288 288 288 288 288 288 288 288 288 288 288 299 301 284 302 300 300 300 300 300 300 303 288 288 288 288 288 288 288 288 288 288 287 287 304 284 284 284 284 284 284 284 284 284 284 284 305 287 288 288 288 288 288 288 288 288 288 288 288 288 288 288 288 288 288 288 288 288 288 288 288 288 288 288 288 288 288 288 288 288 288 288 288 288 288 288 288 288 
288 288 288 288 288 288 288 288 288 288 288 288 288 288 288 288 288 288 288 288 288 288 288 288 288 288 288 288 288 288 288 288 288 288 288 288 288 288 288 288 288 288 288 288 287 287 304 284 274 284 274 284 274 284 274 284 284 284 305 287 288 288 288 288 288 288 288 288 288 288 288 288 288 288 288 288 288 288 288 288 288 288 288 288 288 288 288 288 288 288 288 288 288 288 288 288 288 288 288 288 
288 288 288 288 288 288 288 288 288 288 288 288 288 288 288 288 288 288 288 288 288 288 288 288 288 288 288 288 288 288 288 288 288 288 288 288 288 288 288 288 288 288 288 288 287 287 304 284 284 284 284 284 284 284 284 284 284 284 305 287 288 288 288 288 288 288 288 288 288 288 288 288 288 288 288 288 288 288 288 288 288 288 288 288 288 288 288 288 288 288 288 288 288 288 288 288 288 288 288 288 
288 288 288 288 288 288 288 288 288 288 288 288 288 288 288 288 288 288 288 288 288 288 288 288 288 288 288 288 288 288 288 288 288 288 288 288 288 288 288 288 288 288 288 288 287 287 299 300 300 300 300 300 300 300 300 301 284 302 303 287 288 288 288 288 288 288 288 288 288 288 288 288 288 288 288 288 288 288 288 288 288 288 288 288 288 288 288 288 288 288 288 288 288 288 288 288 288 288 288 288 
288 288 288 288 288 288 288 288 288 288 288 288 288 288 288 288 288 288 288 288 288 288 288 288 288 288 288 288 288 288 288 288 288 288 288 288 288 288 288 288 288 288 288 288 287 287 287 287 287 287 287 287 287 287 287 287 287 287 287 287 288 288 288 288 288 288 288 288 288 288 288 288 288 288 288 288 288 288 288 288 288 288 288 288 288 288 288 288 288 288 288 288 288 288 288 288 288 288 288 288 
288 288 288 288 288 288 288 288 288 288 288 288 288 288 288 288 288 288 288 288 288 288 288 288 288 288 288 288 288 288 288 288 288 288 288 288 288 288 288 288 288 288 288 288 287 287 287 287 287 289 287 287 287 287 287 287 287 287 287 287 288 288 288 288 288 288 288 288 288 288 288 288 288 288 288 288 288 288 288 288 288 288 288 288 288 288 288 288 288 288 288 288 288 288 288 288 288 288 288 288 
288 288 288 288 288 288 288 288 288 288 288 288 288 288 288 288 288 288 288 288 288 288 288 288 288 288 288 288 288 288 288 288 288 288 288 288 288 288 288 288 288 288 288 288 287 287 287 287 287 287 287 287 287 287 287 287 287 287 287 287 288 288 288 288 288 288 288 288 288 288 288 304 335 335 336 333 337 335 335 305 288 288 288 288 288 288 288 288 288 288 288 288 288 288 288 288 288 288 288 288 
288 288 288 288 288 288 288 288 288 288 288 288 288 288 288 288 288 288 288 288 288 288 288 288 288 288 288 288 288 288 288 288 288 288 288 288 288 288 288 288 288 288 288 288 287 287 287 287 287 287 287 287 287 287 287 287 287 287 287 287 288 288 288 288 288 288 288 288 288 288 288 304 335 335 336 340 337 335 335 305 288 288 288 288 288 288 288 288 288 288 288 288 288 288 288 288 288 288 288 288 
288 288 288 288 288 288 288 288 288 288 288 288 288 288 288 288 288 288 288 288 288 288 288 288 288 288 288 288 288 288 288 288 288 288 288 288 288 288 288 288 288 288 288 288 287 287 287 287 287 287 287 287 287 287 287 287 287 287 287 287 288 288 288 288 288 288 288 288 288 288 288 304 335 335 336 338 337 335 335 305 288 288 288 288 288 288 288 288 288 288 288 288 288 288 288 288 288 288 288 288 
288 288 288 288 288 288 288 288 288 288 288 288 288 288 288 288 288 288 288 288 288 288 288 288 288 288 288 288 288 288 288 288 288 288 288 288 288 288 288 288 288 288 288 288 287 287 287 287 287 287 287 287 287 287 287 287 287 287 287 287 288 288 288 288 288 288 288 288 288 288 288 304 332 329 331 338 332 332 332 305 288 288 288 288 288 288 288 288 288 288 288 288 288 288 288 288 288 288 288 288 
288 288 288 288 288 288 288 288 288 288 288 288 288 288 288 288 288 288 288 288 288 288 288 288 288 288 288 288 288 288 288 288 288 288 288 288 288 288 288 288 288 288 288 288 287 287 287 287 287 287 287 287 287 287 287 287 287 287 287 287 288 288 288 288 288 288 288 288 288 288 288 304 339 330 339 338 339 339 339 305 288 288 288 288 288 288 288 288 288 288 288 288 288 288 288 288 288 288 288 288 
288 288 288 288 288 288 288 288 288 288 288 288 288 288 288 288 304 329 329 329 329 331 332 332 332 332 332 332 332 332 305 288 288 288 288 288 288 288 288 288 288 288 288 288 287 287 287 287 287 287 287 287 287 287 287 287 287 287 287 287 288 288 288 288 288 288 288 288 288 288 288 304 338 338 338 338 338 338 338 305 288 288 288 288 288 288 288 288 288 288 288 288 288 288 288 288 288 288 288 288 
288 288 288 288 288 288 288 288 288 288 288 288 288 288 288 288 304 330 330 330 330 341 342 341 342 341 342 341 342 341 305 288 288 288 288 288 288 288 288 288 288 288 288 288 288 288 288 288 288 288 288 288 288 288 288 288 288 288 288 288 288 288 288 288 288 288 288 288 288 288 288 299 301 338 302 300 300 300 300 303 288 288 288 288 288 288 288 288 288 288 288 288 288 288 288 288 288 288 288 288 
288 288 288 288 288 288 288 288 288 288 288 288 288 288 288 288 304 338 338 338 338 338 338 338 338 338 338 338 338 338 305 288 288 288 288 288 288 288 288 288 288 288 288 288 288 288 288 287 287 287 287 287 287 287 287 288 288 288 288 288 288 288 288 288 288 288 288 288 288 288 288 288 288 288 288 288 288 288 288 288 288 288 288 288 288 288 288 288 288 288 288 288 288 288 288 288 288 288 288 288 
288 288 288 288 288 288 288 288 288 288 288 288 288 288 288 288 304 338 338 338 338 338 338 338 338 338 338 338 338 338 305 288 288 288 288 288 288 288 288 288 288 288 288 288 288 288 304 308 321 322 322 322 323 308 308 305 288 288 288 288 288 288 288 288 288 288 288 288 288 288 288 288 288 288 288 288 288 288 288 288 288 288 288 288 288 288 288 288 288 288 288 288 288 288 288 288 288 288 288 288 
288 288 288 288 288 288 288 288 288 288 288 288 288 288 288 288 299 301 338 302 300 300 300 300 300 300 300 300 300 300 303 288 288 288 288 288 288 288 288 288 288 288 288 288 288 288 304 309 324 325 325 325 326 309 309 305 288 288 288 288 288 288 288 288 288 288 288 288 288 288 288 288 288 288 288 288 288 288 288 288 288 288 288 288 288 288 288 288 288 288 288 288 288 288 288 288 288 288 288 288 
288 288 288 288 288 288 288 288 288 288 288 288 288 288 288 288 288 288 288 288 288 288 288 288 288 288 288 288 288 288 288 288 288 288 288 288 288 288 288 288 288 288 288 288 288 288 304 284 284 284 284 284 284 291 284 305 288 288 288 288 288 288 288 288 288 288 288 288 288 288 288 288 288 288 288 288 288 288 288 288 288 288 288 288 288 288 288 288 288 288 288 288 288 288 288 288 288 288 288 288 
288 288 288 288 288 288 288 288 288 288 288 288 288 288 288 288 288 288 288 288 288 288 288 288 288 288 288 288 288 288 288 288 288 288 288 288 288 288 288 288 288 288 288 288 288 288 304 284 284 284 284 284 284 284 284 305 288 288 288 288 288 288 288 288 288 288 288 288 288 288 288 288 288 288 288 288 288 288 288 288 288 288 288 288 288 288 288 288 288 288 288 288 288 288 288 288 288 288 288 288 
288 288 288 288 288 288 288 288 288 288 288 288 288 288 288 288 288 288 288 288 288 288 288 288 288 288 288 288 288 288 288 288 288 288 288 288 288 288 288 288 288 288 288 288 288 288 304 284 274 284 274 284 274 284 284 305 288 288 288 288 288 288 288 288 288 288 288 288 288 288 288 288 288 288 288 288 288 288 288 288 288 288 288 288 288 288 288 288 288 288 288 288 288 288 288 288 288 288 288 288 
288 288 288 288 288 288 288 288 288 288 288 288 288 288 288 288 288 288 288 288 288 288 288 288 288 288 288 288 288 288 288 288 288 288 288 288 288 288 288 288 288 288 288 288 288 288 304 284 284 284 284 284 284 284 284 305 288 288 288 288 288 288 288 288 288 288 288 288 288 288 288 304 332 329 331 332 332 305 288 288 288 288 288 288 288 288 288 288 288 288 288 288 288 288 288 288 288 288 288 288 
288 288 288 288 288 288 288 288 288 288 288 288 288 288 288 288 288 288 288 288 288 288 288 288 288 288 288 288 288 288 288 288 288 288 288 288 288 288 288 288 288 288 288 288 288 288 304 284 274 284 274 284 274 284 284 305 288 288 288 288 288 288 288 288 288 288 288 288 288 288 288 304 341 330 341 342 341 305 288 288 288 288 288 288 288 288 288 288 288 288 288 288 288 288 288 288 288 288 288 288 
288 288 288 288 288 288 288 288 288 288 288 288 288 288 288 288 288 288 288 288 288 288 288 288 288 288 288 288 288 288 288 288 288 288 288 288 288 288 288 288 288 288 288 288 288 288 304 284 284 284 284 284 284 284 284 305 288 288 288 288 288 288 288 288 288 288 288 288 288 288 288 304 338 338 338 338 338 305 288 288 288 288 288 288 288 288 288 288 288 288 288 288 288 288 288 288 288 288 288 288 
288 288 288 288 288 288 288 288 288 288 288 288 288 288 288 288 288 288 288 288 288 288 288 288 288 288 288 288 288 288 288 288 288 288 288 288 288 288 288 288 288 288 288 288 288 288 304 284 274 284 274 284 274 284 284 305 288 288 288 288 288 288 288 288 288 288 288 288 288 288 288 304 338 338 338 338 338 305 288 288 288 288 288 288 288 288 288 288 288 288 288 288 288 288 288 288 288 288 288 288 
288 288 288 288 288 288 288 288 288 288 288 288 288 288 288 288 288 288 288 288 288 288 288 288 288 288 288 288 288 288 288 288 288 288 288 288 288 288 288 288 288 288 288 288 288 288 304 284 284 284 284 284 284 284 284 305 288 288 288 288 288 288 288 288 288 288 288 288 288 288 288 299 301 338 302 300 300 303 288 288 288 288 288 288 288 288 288 288 288 288 288 288 288 288 288 288 288 288 288 288 
288 288 288 288 288 288 288 288 288 288 288 288 288 288 288 288 304 332 332 332 332 332 332 332 332 332 329 329 329 331 305 288 288 288 288 288 288 288 288 288 288 288 288 288 288 288 299 300 301 284 302 300 300 300 300 303 288 288 288 288 288 288 288 288 288 288 288 288 288 288 288 288 288 287 288 288 288 288 288 288 288 288 288 288 288 288 288 288 288 288 288 288 288 288 288 288 288 288 288 288 
288 288 288 288 288 288 288 288 288 288 288 288 288 288 288 288 304 341 342 341 342 341 342 341 342 341 330 330 330 341 305 288 288 288 288 288 288 288 288 288 288 288 288 288 288 288 288 288 288 288 288 288 288 288 288 288 288 288 288 288 288 288 288 288 288 288 288 288 288 288 288 288 288 288 288 288 288 288 288 288 288 288 288 288 288 288 288 288 288 288 288 288 288 288 288 288 288 288 288 288 
288 288 288 288 288 288 288 288 288 288 288 288 288 288 288 288 304 338 338 338 338 338 338 338 338 338 338 338 338 338 305 288 288 288 288 288 288 288 288 288 288 288 288 288 288 288 288 288 288 288 288 288 288 288 288 288 288 288 288 288 288 288 288 288 288 288 288 288 288 288 288 288 288 288 288 288 288 288 288 288 288 288 288 288 288 288 288 288 288 288 288 288 288 288 288 288 288 288 288 288 
288 288 288 288 288 288 288 288 288 288 288 288 288 288 288 288 304 338 338 338 338 338 338 338 338 338 338 338 338 338 305 288 288 288 288 288 288 288 288 288 288 288 288 288 288 288 288 288 288 288 288 288 288 288 288 288 288 288 288 288 288 288 288 288 288 288 288 288 288 288 288 288 288 288 288 288 288 288 288 288 288 288 288 288 288 288 288 288 288 288 288 288 288 288 288 288 288 288 288 288 
288 288 288 288 288 288 288 288 288 288 288 288 288 288 288 288 299 300 300 300 300 300 300 300 300 300 300 301 338 302 303 288 288 288 288 288 288 288 288 288 288 288 288 288 288 288 288 288 288 288 288 288 288 288 288 288 288 288 288 288 288 288 288 288 288 288 288 288 288 288 288 288 288 288 288 288 288 288 288 288 288 288 288 288 288 288 288 288 288 288 288 288 288 288 288 288 288 288 288 288 
288 288 288 288 288 288 288 288 288 288 288 288 288 288 288 288 288 288 288 288 288 288 288 288 288 288 288 288 288 288 288 288 288 288 288 288 288 288 288 288 288 288 288 288 288 288 288 288 288 288 288 288 288 288 288 288 288 288 288 288 288 288 288 288 288 288 288 288 288 288 288 288 288 288 288 288 288 288 288 288 288 288 288 288 288 288 288 288 288 288 288 288 288 288 288 288 288 288 288 288 
288 288 288 288 288 288 288 288 288 288 288 288 288 288 288 288 288 288 288 288 288 288 288 288 288 288 288 288 288 288 288 288 288 288 288 288 288 288 288 288 288 288 288 288 288 288 288 288 288 288 288 288 288 288 288 288 288 288 288 288 288 288 288 288 288 288 288 288 288 288 288 288 288 288 288 288 288 288 288 288 288 288 288 288 288 288 288 288 288 288 288 288 288 288 288 288 288 288 288 288 
288 288 288 288 288 288 288 288 288 288 288 288 288 288 288 288 288 288 288 288 288 288 288 288 288 288 288 288 288 288 288 288 288 288 288 288 288 288 288 288 288 288 288 288 288 288 288 288 288 288 288 288 288 288 288 288 288 288 288 288 288 288 288 288 288 288 288 288 288 306 308 314 318 316 320 308 305 288 288 288 288 288 288 288 288 288 288 288 288 288 288 288 288 288 288 288 288 288 288 288 
288 288 288 288 288 288 288 288 288 288 288 288 288 288 288 288 288 288 288 288 288 288 288 288 288 288 288 288 288 288 288 288 288 288 288 288 288 288 288 288 288 288 288 288 288 288 288 288 288 288 288 288 288 288 288 288 288 288 288 288 288 288 288 288 288 288 288 288 288 306 309 315 319 317 309 309 305 288 288 288 288 288 288 288 288 288 288 288 288 288 288 288 288 288 288 288 288 288 288 288 
288 288 288 288 288 288 288 288 288 288 288 288 288 288 288 288 288 288 288 288 288 288 288 288 288 288 288 288 288 288 288 288 288 288 288 288 288 288 288 288 288 288 288 288 288 288 288 288 288 288 288 288 288 288 288 288 288 288 288 288 288 288 288 288 288 288 288 288 288 306 284 284 284 284 284 284 305 288 288 288 288 288 288 288 288 288 288 288 288 288 288 288 288 288 288 288 288 288 288 288 
288 288 288 288 288 288 288 288 288 288 288 288 288 288 288 288 288 288 288 288 288 288 288 288 288 288 288 288 288 288 288 288 288 288 288 288 288 288 288 288 288 288 288 288 288 288 288 288 288 288 288 288 288 288 288 288 288 288 288 288 288 288 288 288 288 288 288 288 288 306 284 310 312 313 311 284 305 288 288 288 288 288 288 288 288 288 288 288 288 288 288 288 288 288 288 288 288 288 288 288 
288 288 288 288 288 288 288 288 288 288 288 288 288 288 288 288 288 288 288 288 288 288 288 288 288 288 288 288 288 288 288 288 288 288 288 288 288 288 288 288 288 288 288 288 288 288 288 288 288 288 288 288 288 288 288 288 288 288 288 288 288 288 288 288 288 288 288 288 288 306 284 284 284 284 284 284 305 288 288 288 288 288 288 288 288 288 288 288 288 288 288 288 288 288 288 288 288 288 288 288 
288 288 288 288 288 288 288 288 288 288 288 288 288 288 288 288 288 288 288 288 288 288 288 288 288 288 288 288 288 288 288 288 288 288 288 288 288 288 288 288 288 288 288 288 288 288 288 288 288 288 288 288 288 288 288 288 288 288 288 288 288 288 288 288 288 288 288 288 288 299 300 300 301 284 302 300 303 288 288 288 288 288 288 288 288 288 288 288 288 288 288 288 288 288 288 288 288 288 288 288 
288 288 288 288 288 288 288 288 288 288 288 288 288 288 288 288 288 288 288 288 288 288 288 288 288 288 288 288 288 288 288 288 288 288 288 288 288 288 288 288 288 288 288 288 288 288 288 288 288 288 288 288 288 288 288 288 288 288 288 288 288 288 288 288 288 288 288 288 288 288 288 288 288 288 288 288 288 288 288 288 288 288 288 288 288 288 288 288 288 288 288 288 288 288 288 288 288 288 288 288 
288 288 288 288 288 288 288 288 288 288 288 288 288 288 288 288 288 288 288 288 288 288 288 288 288 288 288 288 288 288 288 288 288 288 288 288 288 288 288 288 288 288 288 288 288 288 288 288 288 288 288 288 288 288 288 288 288 288 288 288 288 288 288 288 288 288 288 288 288 288 288 288 288 288 288 288 288 288 288 288 288 288 288 288 288 288 288 288 288 288 288 288 288 288 288 288 288 288 288 288 
288 288 288 288 288 288 288 288 288 288 288 288 288 288 288 288 288 288 288 288 288 288 288 288 288 288 288 288 288 288 288 288 288 288 288 288 288 288 288 288 288 288 288 288 288 288 288 288 288 288 288 288 288 288 288 288 288 288 288 288 288 288 288 288 288 288 288 288 288 288 288 288 288 288 288 288 288 288 288 288 288 288 288 288 288 288 288 288 288 288 288 288 288 288 288 288 288 288 288 288 
288 288 288 288 288 288 288 288 288 288 288 288 288 288 288 288 288 288 288 288 304 328 328 328 327 328 328 328 327 328 328 328 328 327 328 328 328 328 305 288 288 288 288 288 288 288 288 288 288 288 288 288 288 288 288 288 288 288 288 288 288 288 288 288 288 288 288 288 288 288 288 288 288 288 288 288 288 288 288 288 288 288 288 288 288 288 288 288 288 288 288 288 288 288 288 288 288 288 288 288 
288 288 288 288 288 288 288 288 288 288 288 288 288 288 288 288 288 288 288 288 304 284 284 284 284 284 284 284 284 284 284 284 284 284 284 284 284 284 305 288 288 288 288 288 288 288 288 288 288 288 288 288 288 288 288 288 288 288 288 288 288 288 288 288 288 288 288 288 288 288 288 288 288 288 288 288 288 288 288 288 288 288 288 288 288 288 288 288 288 288 288 288 288 288 288 288 288 288 288 288 
288 288 288 288 288 288 288 288 288 288 288 288 288 288 288 288 288 288 288 288 304 284 284 284 284 284 284 284 284 284 284 284 284 284 284 284 284 284 305 288 288 288 288 288 288 288 288 288 288 288 288 288 288 288 288 288 288 288 288 288 288 288 288 288 288 288 288 288 288 288 288 288 288 288 288 288 288 288 288 288 288 288 288 288 288 288 288 288 288 288 288 288 288 288 288 288 288 288 288 288 
288 288 288 288 288 288 288 288 288 288 288 288 288 288 288 288 288 288 288 288 299 301 284 302 300 300 300 300 300 300 300 300 300 300 300 300 300 300 303 288 288 288 288 288 288 288 288 288 288 288 288 288 288 288 288 288 288 288 288 288 288 288 288 288 288 288 288 288 288 288 288 288 288 288 288 288 288 288 288 288 288 288 288 288 288 288 288 288 288 288 288 288 288 288 288 288 288 288 288 288 
288 288 288 288 288 288 288 288 288 288 288 288 288 288 288 288 288 288 288 288 288 288 288 288 288 288 288 288 288 288 288 288 288 288 288 288 288 287 287 288 288 288 288 288 288 288 288 288 288 288 288 288 288 288 288 288 288 288 288 288 288 288 288 288 288 288 288 288 288 288 288 288 288 288 288 288 288 288 288 288 288 288 288 288 288 288 288 288 288 288 288 288 288 288 288 288 288 288 288 288 
288 288 288 288 288 288 288 288 288 288 288 288 288 288 288 288 288 288 288 288 288 288 288 288 288 288 288 288 288 288 288 288 288 288 288 288 288 288 288 288 288 288 288 288 288 288 288 288 288 288 288 288 288 288 288 288 288 288 288 288 288 288 288 288 288 288 288 288 288 288 288 288 288 288 288 288 288 288 288 288 288 288 288 288 288 288 288 288 288 288 288 288 288 288 288 288 288 288 288 288 
288 288 288 288 288 288 288 288 288 288 288 288 288 288 288 288 288 288 288 288 288 288 288 288 288 288 288 288 288 288 288 288 288 288 288 288 288 288 288 288 288 288 288 288 288 288 288 288 288 288 288 288 288 288 288 288 288 288 288 288 288 288 288 288 288 288 288 288 288 288 288 288 288 288 288 288 288 288 288 288 288 288 288 288 288 288 288 288 288 288 288 288 288 288 288 288 288 288 288 288 
288 288 288 288 288 288 288 288 288 288 288 288 288 288 288 288 288 288 288 288 288 288 288 288 288 288 288 288 288 288 288 288 288 288 288 288 288 288 288 288 288 288 288 288 288 288 288 288 288 288 288 288 288 288 288 288 288 288 288 288 288 288 288 288 288 288 288 288 288 288 288 288 288 288 288 288 288 288 288 288 288 288 288 288 288 288 288 288 288 288 288 288 288 288 288 288 288 288 288 288 
288 288 288 288 288 288 288 288 288 288 288 288 288 288 288 288 288 288 288 288 288 288 288 288 288 288 288 288 288 288 288 288 288 288 288 288 288 288 288 288 288 288 288 288 288 288 288 288 288 288 288 288 288 288 288 288 288 288 288 288 288 288 288 288 288 288 288 288 288 288 288 288 288 288 288 288 288 288 288 288 288 288 288 288 288 288 288 288 288 288 288 288 288 288 288 288 288 288 288 288 
288 288 288 288 288 288 288 288 288 288 288 288 288 288 288 288 288 288 288 288 288 288 288 288 288 288 288 288 288 288 288 288 288 288 288 288 288 288 288 288 288 288 288 288 288 288 288 288 288 288 288 288 288 288 288 288 288 288 288 288 288 288 288 288 288 288 288 288 288 288 288 288 288 288 288 288 288 288 288 288 288 288 288 288 288 288 288 288 288 288 288 288 288 288 288 288 288 288 288 288 
288 288 288 288 288 288 288 288 288 288 288 288 288 288 288 288 288 288 288 288 288 288 288 288 288 288 288 288 288 288 288 288 288 288 288 288 288 288 288 288 288 288 288 288 288 288 288 288 288 288 288 288 288 288 288 288 288 288 288 288 288 288 288 288 288 288 288 288 288 288 288 288 288 288 288 288 288 288 288 288 288 288 288 288 288 288 288 288 288 288 288 288 288 288 288 288 288 288 288 288 
288 288 288 288 288 288 288 288 288 288 288 288 288 288 288 288 288 288 288 288 288 288 288 288 288 288 288 288 288 288 288 288 288 288 288 288 288 288 288 288 288 288 288 288 288 288 288 288 288 288 288 288 288 288 288 288 288 288 288 288 288 288 288 288 288 288 288 288 288 288 288 288 288 288 288 288 288 288 288 288 288 288 288 288 288 288 288 288 288 288 288 288 288 288 288 288 288 288 288 288 
288 288 288 288 288 288 288 288 288 288 288 288 288 288 288 288 288 288 288 288 288 288 288 288 288 288 288 288 288 288 288 288 288 288 288 288 288 288 288 288 288 288 288 288 288 288 288 288 288 288 288 288 288 288 288 288 288 288 288 288 288 288 288 288 288 288 288 288 288 288 288 288 288 288 288 288 288 288 288 288 288 288 288 288 288 288 288 288 288 288 288 288 288 288 288 288 288 288 288 288 
288 288 288 288 288 288 288 288 288 288 288 288 288 288 288 288 288 288 288 288 288 288 288 288 288 288 288 288 288 288 288 288 288 288 288 288 288 288 288 288 288 288 288 288 288 288 288 288 288 288 288 288 288 288 288 288 288 288 288 288 288 288 288 288 288 288 288 288 288 288 288 288 288 288 288 288 288 288 288 288 288 288 288 288 288 288 288 288 288 288 288 288 288 288 288 288 288 288 288 288 
288 288 288 288 288 288 288 288 288 288 288 288 288 288 288 288 288 288 288 288 288 288 288 288 288 288 288 288 288 288 288 288 288 288 288 288 288 288 288 288 288 288 288 288 288 288 288 288 288 288 288 288 288 288 288 288 288 288 288 288 288 288 288 288 288 288 288 288 288 288 288 288 288 288 288 288 288 288 288 288 288 288 288 288 288 288 288 288 288 288 288 288 288 288 288 288 288 288 288 288 
288 288 288 288 288 288 288 288 288 288 288 288 288 288 288 288 288 288 288 288 288 288 288 288 288 288 288 288 288 288 288 288 288 288 288 288 288 288 288 288 288 288 288 288 288 288 288 288 288 288 288 288 288 288 288 288 288 288 288 288 288 288 288 288 288 288 288 288 288 288 288 288 288 288 288 288 288 288 288 288 288 288 288 288 288 288 288 288 288 288 288 288 288 288 288 288 288 288 288 288 
288 288 288 288 288 288 288 288 288 288 288 288 288 288 288 288 288 288 288 288 288 288 288 288 288 288 288 288 288 288 288 288 288 288 288 288 288 288 288 288 288 288 288 288 288 288 288 288 288 288 288 288 288 288 288 288 288 288 288 288 288 288 288 288 288 288 288 288 288 288 288 288 288 288 288 288 288 288 288 288 288 288 288 288 288 288 288 288 288 288 288 288 288 288 288 288 288 288 288 288 
288 288 288 288 288 288 288 288 288 288 288 288 288 288 288 288 288 288 288 288 288 288 288 288 288 288 288 288 288 288 288 288 288 288 288 288 288 288 288 288 288 288 288 288 288 288 288 288 288 288 288 288 288 288 288 288 288 288 288 288 288 288 288 288 288 288 288 288 288 288 288 288 288 288 288 288 288 288 288 288 288 288 288 288 288 288 288 288 288 288 288 288 288 288 288 288 288 288 288 288 
