285 285 285 285 285 285 285 285 285 285 285 285 285 285 285 285 285 285 285 285 285 285 285 285 285 285 285 285 285 285 285 285 285 285 285 285 285 285 285 285 285 285 285 285 285 285 285 285 285 285 
285 285 285 285 285 285 285 285 285 285 285 285 285 285 285 285 285 285 285 285 285 285 285 285 285 285 285 285 285 285 285 285 285 285 285 285 285 285 285 285 285 285 285 285 285 285 285 285 285 285 
285 285 285 285 285 285 285 285 285 285 285 285 285 285 285 285 285 285 285 285 285 285 285 285 285 285 285 285 285 285 285 285 285 285 285 285 285 285 285 285 285 285 285 285 285 285 285 285 285 285 
285 285 285 285 285 285 285 285 285 285 285 285 285 285 285 285 285 285 285 285 285 285 285 285 285 285 285 285 285 285 285 285 285 285 285 285 285 285 285 285 285 285 285 285 285 285 285 285 285 285 
285 285 285 285 285 285 285 285 285 285 285 285 285 285 285 285 285 285 285 285 285 285 285 285 285 285 285 285 285 285 285 285 285 285 285 285 285 285 285 285 285 285 285 285 285 285 285 285 285 285 
285 285 285 285 285 285 285 285 285 285 285 285 285 285 285 285 285 285 285 285 285 285 285 285 285 285 285 285 285 285 285 285 285 285 285 285 285 285 285 285 285 285 285 285 285 285 285 285 285 285 
285 285 285 285 285 285 285 285 285 285 285 285 285 285 285 285 285 285 285 285 285 285 285 285 285 285 285 285 285 285 285 285 285 285 285 285 285 285 285 285 285 285 285 285 285 285 285 285 285 285 
285 285 285 285 285 285 285 285 285 285 285 285 285 285 285 285 285 285 285 285 285 285 285 285 285 285 285 285 285 285 285 285 285 285 285 285 285 285 285 285 285 285 285 285 285 285 285 285 285 285 
285 285 285 285 285 285 285 285 285 285 285 285 285 285 285 285 285 285 285 285 285 285 285 285 285 285 285 285 285 285 285 285 285 285 285 285 285 285 285 285 285 285 285 285 285 285 285 285 285 285 
285 285 285 285 285 285 285 285 285 285 285 285 285 285 285 285 285 285 285 285 285 285 285 285 285 285 285 285 285 285 285 285 285 285 285 285 285 285 285 285 285 285 285 285 285 285 285 285 285 285 
285 285 285 285 285 285 285 285 285 285 285 285 285 285 285 285 285 285 285 285 285 285 285 285 285 285 285 285 285 285 285 285 285 285 285 285 285 285 285 285 285 285 285 285 285 285 285 285 285 285 
285 285 285 285 285 285 285 285 285 285 285 285 285 285 285 285 285 285 285 285 285 285 285 285 285 285 285 285 285 285 285 285 285 285 285 285 285 285 285 285 285 285 285 285 285 285 285 285 285 285 
285 285 285 285 285 285 285 285 285 285 285 285 285 285 285 285 285 285 285 285 285 285 285 285 285 285 285 285 285 285 285 285 285 285 285 285 285 285 285 285 285 285 285 285 285 285 285 285 285 285 
285 285 285 285 285 285 285 285 285 285 285 285 285 285 285 285 285 285 285 285 285 285 285 285 285 285 285 285 285 285 285 285 285 285 285 285 285 285 285 285 285 285 285 285 285 285 285 285 285 285 
285 285 285 285 285 285 285 285 285 285 285 285 285 285 285 285 285 285 285 285 285 285 285 285 285 285 285 285 285 285 285 285 285 285 285 285 285 285 285 285 285 285 285 285 285 285 285 285 285 285 
285 285 285 285 285 285 285 285 285 285 285 285 285 285 285 285 285 285 285 285 285 285 285 285 285 285 285 285 285 285 285 285 285 285 285 285 285 285 285 285 285 285 285 285 285 285 285 285 285 285 
285 285 285 285 285 285 285 285 285 285 285 285 285 285 285 285 285 285 285 285 285 285 285 285 285 285 285 285 285 285 285 285 285 285 285 285 285 285 285 285 285 285 285 285 285 285 285 285 285 285 
285 285 285 285 285 285 285 285 285 285 285 285 285 285 285 285 285 285 285 285 285 285 285 285 285 285 285 285 285 285 285 285 285 285 285 285 285 285 285 285 285 285 285 285 285 285 285 285 285 285 
285 285 285 285 285 285 285 285 285 285 285 285 285 285 285 285 285 285 285 285 285 285 285 285 285 285 285 285 285 285 285 285 285 285 285 285 285 285 285 285 285 285 285 285 285 285 285 285 285 285 
285 285 285 285 285 285 285 285 285 285 285 285 285 285 285 285 285 285 285 285 285 285 285 285 285 285 285 285 285 285 285 285 285 285 285 285 285 285 285 285 285 285 285 285 285 285 285 285 285 285 
285 285 285 285 285 285 285 285 285 285 285 285 285 285 285 285 285 285 285 285 285 285 285 285 285 285 285 285 285 285 285 285 285 285 285 285 285 285 285 285 285 285 285 285 285 285 285 285 285 285 
285 285 285 285 285 285 285 285 285 285 285 285 285 285 285 285 285 285 285 285 285 285 285 285 285 285 285 285 285 285 285 285 285 285 285 285 285 285 285 285 285 285 285 285 285 285 285 285 285 285 
285 285 285 285 285 285 285 285 285 285 285 285 285 285 285 285 285 285 285 285 285 285 285 285 285 285 285 285 285 285 285 285 285 285 285 285 285 285 285 285 285 285 285 285 285 285 285 285 285 285 
285 285 285 285 285 285 285 285 285 285 285 285 285 285 285 285 285 285 285 285 271 271 268 269 269 269 269 269 270 271 271 271 285 285 285 285 285 285 285 285 285 285 285 285 285 285 285 285 285 285 
285 285 285 285 285 285 285 285 285 285 285 285 285 285 285 285 285 285 285 285 279 279 276 277 277 277 277 277 278 279 279 279 285 285 285 285 285 285 285 285 285 285 285 285 285 285 285 285 285 285 
285 285 285 285 285 285 285 285 285 285 285 285 285 285 285 285 285 285 285 285 273 274 274 274 274 274 274 274 274 274 274 275 285 285 285 285 285 285 285 285 285 285 285 285 285 285 285 285 285 285 
285 285 285 285 285 285 285 285 285 285 285 285 285 285 285 285 285 285 285 285 281 282 282 282 282 282 282 282 282 282 288 283 285 285 285 285 285 285 285 285 285 285 285 285 285 285 285 285 285 285 
285 285 285 285 285 285 285 285 285 285 285 285 285 285 285 285 285 285 285 285 281 282 272 282 272 282 272 282 272 282 282 283 285 285 285 285 285 285 285 285 285 285 285 285 285 285 285 285 285 285 
285 285 285 285 285 285 285 285 285 285 285 285 285 285 285 285 285 285 285 285 281 282 282 282 282 282 282 282 282 282 282 283 285 285 285 285 285 285 285 285 285 285 285 285 285 285 285 285 285 285 
285 285 285 285 285 285 285 285 285 285 285 285 285 285 285 285 285 285 285 285 281 282 272 282 272 282 272 282 272 282 282 283 285 285 285 285 285 285 285 285 285 285 285 285 285 285 285 285 285 285 
285 285 285 285 285 285 285 285 285 285 285 285 285 285 285 285 285 285 285 285 281 282 282 282 282 282 282 282 282 282 282 283 285 285 285 285 285 285 285 285 285 285 285 285 285 285 285 285 285 285 
285 285 285 285 285 285 285 285 285 285 285 285 285 285 285 285 285 285 285 285 281 282 272 282 272 282 272 282 272 282 282 283 285 285 285 285 285 285 285 285 285 285 285 285 285 285 285 285 285 285 
285 285 285 285 285 285 285 285 285 285 285 285 285 285 285 285 285 285 285 285 281 282 282 282 282 282 282 282 282 282 282 283 285 285 285 285 285 285 285 285 285 285 285 285 285 285 285 285 285 285 
285 285 285 285 285 285 285 285 285 285 285 285 285 285 285 285 285 285 285 285 289 290 290 290 290 290 290 290 290 290 280 291 285 285 285 285 285 285 285 285 285 285 285 285 285 285 285 285 285 285 
285 285 285 285 285 285 285 285 285 285 285 285 285 285 285 285 285 285 285 285 285 285 285 285 285 285 285 285 285 285 285 285 285 285 285 285 285 285 285 285 285 285 285 285 285 285 285 285 285 285 
285 285 285 285 285 285 285 285 285 285 285 285 285 285 285 285 285 285 285 285 285 285 285 285 285 285 285 285 285 285 285 285 285 285 285 285 285 285 285 285 285 285 285 285 285 285 285 285 285 285 
285 285 285 285 285 285 285 285 285 285 285 285 285 285 285 285 285 285 285 285 285 285 285 285 285 285 285 285 285 285 285 285 285 285 285 285 285 285 285 285 285 285 285 285 285 285 285 285 285 285 
285 285 285 285 285 285 285 285 285 285 285 285 285 285 285 285 285 285 285 285 285 285 285 285 285 285 285 285 285 285 285 285 285 285 285 285 285 285 285 285 285 285 285 285 285 285 285 285 285 285 
285 285 285 285 285 285 285 285 285 285 285 285 285 285 285 285 285 285 285 285 285 285 285 285 285 285 285 285 285 285 285 285 285 285 285 285 285 285 285 285 285 285 285 285 285 285 285 285 285 285 
285 285 285 285 285 285 285 285 285 285 285 285 285 285 285 285 285 285 285 285 285 285 285 285 285 285 285 285 285 285 285 285 285 285 285 285 285 285 285 285 285 285 285 285 285 285 285 285 285 285 
285 285 285 285 285 285 285 285 285 285 285 285 285 285 285 285 285 285 285 285 285 285 285 285 285 285 285 285 285 285 285 285 285 285 285 285 285 285 285 285 285 285 285 285 285 285 285 285 285 285 
285 285 285 285 285 285 285 285 285 285 285 285 285 285 285 285 285 285 285 285 285 285 285 285 285 285 285 285 285 285 285 285 285 285 285 285 285 285 285 285 285 285 285 285 285 285 285 285 285 285 
285 285 285 285 285 285 285 285 285 285 285 285 285 285 285 285 285 285 285 285 285 285 285 285 285 285 285 285 285 285 285 285 285 285 285 285 285 285 285 285 285 285 285 285 285 285 285 285 285 285 
285 285 285 285 285 285 285 285 285 285 285 285 285 285 285 285 285 285 285 285 285 285 285 285 285 285 285 285 285 285 285 285 285 285 285 285 285 285 285 285 285 285 285 285 285 285 285 285 285 285 
285 285 285 285 285 285 285 285 285 285 285 285 285 285 285 285 285 285 285 285 285 285 285 285 285 285 285 285 285 285 285 285 285 285 285 285 285 285 285 285 285 285 285 285 285 285 285 285 285 285 
285 285 285 285 285 285 285 285 285 285 285 285 285 285 285 285 285 285 285 285 285 285 285 285 285 285 285 285 285 285 285 285 285 285 285 285 285 285 285 285 285 285 285 285 285 285 285 285 285 285 
285 285 285 285 285 285 285 285 285 285 285 285 285 285 285 285 285 285 285 285 285 285 285 285 285 285 285 285 285 285 285 285 285 285 285 285 285 285 285 285 285 285 285 285 285 285 285 285 285 285 
285 285 285 285 285 285 285 285 285 285 285 285 285 285 285 285 285 285 285 285 285 285 285 285 285 285 285 285 285 285 285 285 285 285 285 285 285 285 285 285 285 285 285 285 285 285 285 285 285 285 
285 285 285 285 285 285 285 285 285 285 285 285 285 285 285 285 285 285 285 285 285 285 285 285 285 285 285 285 285 285 285 285 285 285 285 285 285 285 285 285 285 285 285 285 285 285 285 285 285 285 
285 285 285 285 285 285 285 285 285 285 285 285 285 285 285 285 285 285 285 285 285 285 285 285 285 285 285 285 285 285 285 285 285 285 285 285 285 285 285 285 285 285 285 285 285 285 285 285 285 285 
